energy [eV]       wavelength [nm]   Re(epsilon)       Im(epsilon)       n                 extinction k      psi [°]           delta [°]         Is                Ic              
0.750             1653.1225         2.477658          0                 1.574058          0                 18.936            0                 0                 0.61390          
0.775             1599.7960         2.478214          0                 1.574234          0                 18.932            0                 0                 0.61379          
0.800             1549.8024         2.478793          0                 1.574418          0                 18.928            0                 0                 0.61368          
0.825             1502.8387         2.479394          0                 1.574609          0                 18.924            0                 0                 0.61356          
0.850             1458.6375         2.480020          0                 1.574808          0                 18.919            0                 0                 0.61344          
0.875             1416.9622         2.480669          0                 1.575014          0                 18.915            0                 0                 0.61331          
0.900             1377.6021         2.481342          0                 1.575228          0                 18.910            0                 0                 0.61318          
0.925             1340.3696         2.482040          0                 1.575449          0                 18.905            0                 0                 0.61305          
0.950             1305.0967         2.482763          0                 1.575679          0                 18.900            0                 0                 0.61290          
0.975             1271.6327         2.483512          0                 1.575916          0                 18.895            0                 0                 0.61276          
1.000             1239.8419         2.484288          0                 1.576162          0                 18.889            0                 0                 0.61261          
1.025             1209.6019         2.485090          0                 1.576417          0                 18.883            0                 0                 0.61245          
1.050             1180.8018         2.485919          0                 1.576680          0                 18.878            0                 0                 0.61229          
1.075             1153.3413         2.486777          0                 1.576952          0                 18.872            0                 0                 0.61212          
1.100             1127.1290         2.487663          0                 1.577233          0                 18.865            0                 0                 0.61195          
1.125             1102.0817         2.488577          0                 1.577523          0                 18.859            0                 0                 0.61177          
1.150             1078.1234         2.489522          0                 1.577822          0                 18.852            0                 0                 0.61159          
1.175             1055.1846         2.490497          0                 1.578131          0                 18.845            0                 0                 0.61140          
1.200             1033.2016         2.491502          0                 1.578449          0                 18.838            0                 0                 0.61120          
1.225             1012.1158         2.492539          0                 1.578778          0                 18.831            0                 0                 0.61100          
1.250              991.8735         2.493609          0                 1.579116          0                 18.823            0                 0                 0.61079          
1.275              972.4250         2.494711          0                 1.579465          0                 18.816            0                 0                 0.61058          
1.300              953.7245         2.495847          0                 1.579825          0                 18.808            0                 0                 0.61036          
1.325              935.7297         2.497016          0                 1.580195          0                 18.799            0                 0                 0.61013          
1.350              918.4014         2.498221          0                 1.580576          0                 18.791            0                 0                 0.60989          
1.375              901.7032         2.499462          0                 1.580969          0                 18.782            0                 0                 0.60965          
1.400              885.6014         2.500739          0                 1.581372          0                 18.773            0                 0                 0.60940          
1.425              870.0645         2.502053          0                 1.581788          0                 18.764            0                 0                 0.60915          
1.450              855.0634         2.503404          0                 1.582215          0                 18.755            0                 0                 0.60889          
1.475              840.5708         2.504795          0                 1.582654          0                 18.745            0                 0                 0.60862          
1.500              826.5613         2.506225          0                 1.583106          0                 18.735            0                 0                 0.60834          
1.525              813.0111         2.507695          0                 1.583570          0                 18.724            0                 0                 0.60805          
1.550              799.8980         2.509207          0                 1.584048          0                 18.714            0                 0                 0.60776          
1.575              787.2012         2.510761          0                 1.584538          0                 18.703            0                 0                 0.60746          
1.600              774.9012         2.512357          0                 1.585042          0                 18.692            0                 0                 0.60715          
1.625              762.9796         2.513997          0                 1.585559          0                 18.680            0                 0                 0.60683          
1.650              751.4193         2.515682          0                 1.586090          0                 18.669            0                 0                 0.60651          
1.675              740.2041         2.517411          0                 1.586635          0                 18.657            0                 0                 0.60617          
1.700              729.3188         2.519188          0                 1.587195          0                 18.644            0                 0                 0.60583          
1.725              718.7489         2.521012          0                 1.587770          0                 18.632            0                 0                 0.60547          
1.750              708.4811         2.522884          0                 1.588359          0                 18.618            0                 0                 0.60511          
1.775              698.5025         2.524806          0                 1.588964          0                 18.605            0                 0                 0.60474          
1.800              688.8011         2.526777          0                 1.589584          0                 18.591            0                 0                 0.60436          
1.825              679.3654         2.528800          0                 1.590220          0                 18.577            0                 0                 0.60397          
1.850              670.1848         2.530875          0                 1.590873          0                 18.563            0                 0                 0.60357          
1.875              661.2490         2.533004          0                 1.591541          0                 18.548            0                 0                 0.60316          
1.900              652.5484         2.535187          0                 1.592227          0                 18.533            0                 0                 0.60274          
1.925              644.0737         2.537425          0                 1.592930          0                 18.518            0                 0                 0.60231          
1.950              635.8164         2.539720          0                 1.593650          0                 18.502            0                 0                 0.60187          
1.975              627.7681         2.542072          0                 1.594388          0                 18.486            0                 0                 0.60141          
2.000              619.9210         2.544483          0                 1.595144          0                 18.469            0                 0                 0.60095          
2.025              612.2676         2.546954          0                 1.595918          0                 18.452            0                 0                 0.60047          
2.050              604.8009         2.549486          0                 1.596711          0                 18.435            0                 0                 0.59999          
2.075              597.5142         2.552080          0                 1.597523          0                 18.417            0                 0                 0.59949          
2.100              590.4009         2.554738          0                 1.598355          0                 18.398            0                 0                 0.59898          
2.125              583.4550         2.557459          0                 1.599206          0                 18.380            0                 0                 0.59846          
2.150              576.6707         2.560247          0                 1.600077          0                 18.361            0                 0                 0.59792          
2.175              570.0423         2.563102          0                 1.600969          0                 18.341            0                 0                 0.59738          
2.200              563.5645         2.566025          0                 1.601882          0                 18.321            0                 0                 0.59682          
2.225              557.2323         2.569017          0                 1.602815          0                 18.301            0                 0                 0.59625          
2.250              551.0408         2.572080          0                 1.603771          0                 18.280            0                 0                 0.59566          
2.275              544.9855         2.575215          0                 1.604748          0                 18.259            0                 0                 0.59506          
2.300              539.0617         2.578424          0                 1.605747          0                 18.237            0                 0                 0.59445          
2.325              533.2653         2.581708          0                 1.606769          0                 18.214            0                 0                 0.59382          
2.350              527.5923         2.585067          0                 1.607814          0                 18.192            0                 0                 0.59318          
2.375              522.0387         2.588505          0                 1.608883          0                 18.168            0                 0                 0.59253          
2.400              516.6008         2.592021          0                 1.609975          0                 18.145            0                 0                 0.59186          
2.425              511.2750         2.595618          0                 1.611092          0                 18.120            0                 0                 0.59118          
2.450              506.0579         2.599296          0                 1.612233          0                 18.096            0                 0                 0.59048          
2.475              500.9462         2.603058          0                 1.613399          0                 18.070            0                 0                 0.58977          
2.500              495.9368         2.606905          0                 1.614591          0                 18.044            0                 0                 0.58904          
2.525              491.0265         2.610837          0                 1.615809          0                 18.018            0                 0                 0.58829          
2.550              486.2125         2.614858          0                 1.617052          0                 17.991            0                 0                 0.58753          
2.575              481.4920         2.618968          0                 1.618323          0                 17.964            0                 0                 0.58676          
2.600              476.8623         2.623170          0                 1.619620          0                 17.936            0                 0                 0.58596          
2.625              472.3207         2.627464          0                 1.620945          0                 17.907            0                 0                 0.58515          
2.650              467.8649         2.631852          0                 1.622298          0                 17.878            0                 0                 0.58433          
2.675              463.4923         2.636335          0                 1.623680          0                 17.848            0                 0                 0.58348          
2.700              459.2007         2.640917          0                 1.625090          0                 17.818            0                 0                 0.58262          
2.725              454.9879         2.645597          0                 1.626529          0                 17.787            0                 0                 0.58174          
2.750              450.8516         2.650379          0                 1.627998          0                 17.755            0                 0                 0.58085          
2.775              446.7899         2.655263          0                 1.629498          0                 17.723            0                 0                 0.57993          
2.800              442.8007         2.660251          0                 1.631028          0                 17.690            0                 0                 0.57900          
2.825              438.8821         2.665346          0                 1.632589          0                 17.657            0                 0                 0.57805          
2.850              435.0322         2.670549          0                 1.634181          0                 17.622            0                 0                 0.57707          
2.875              431.2494         2.675862          0                 1.635806          0                 17.588            0                 0                 0.57608          
2.900              427.5317         2.681286          0                 1.637463          0                 17.552            0                 0                 0.57507          
2.925              423.8776         2.686824          0                 1.639153          0                 17.516            0                 0                 0.57404          
2.950              420.2854         2.692477          0                 1.640877          0                 17.480            0                 0                 0.57299          
2.975              416.7536         2.698248          0                 1.642635          0                 17.442            0                 0                 0.57192          
3.000              413.2806         2.704139          0                 1.644427          0                 17.404            0                 0                 0.57083          
3.025              409.8651         2.710150          0                 1.646253          0                 17.365            0                 0                 0.56972          
3.050              406.5055         2.716286          0                 1.648116          0                 17.326            0                 0                 0.56859          
3.075              403.2006         2.722547          0                 1.650014          0                 17.286            0                 0                 0.56743          
3.100              399.9490         2.728935          0                 1.651949          0                 17.245            0                 0                 0.56626          
3.125              396.7494         2.735453          0                 1.653921          0                 17.203            0                 0                 0.56506          
3.150              393.6006         2.742103          0                 1.655930          0                 17.161            0                 0                 0.56384          
3.175              390.5014         2.748887          0                 1.657977          0                 17.118            0                 0                 0.56259          
3.200              387.4506         2.755807          0                 1.660062          0                 17.074            0                 0                 0.56133          
3.225              384.4471         2.762866          0                 1.662187          0                 17.029            0                 0                 0.56004          
3.250              381.4898         2.770065          0                 1.664351          0                 16.984            0                 0                 0.55872          
3.275              378.5777         2.777408          0                 1.666556          0                 16.938            0                 0                 0.55739          
3.300              375.7097         2.784895          0                 1.668801          0                 16.891            0                 0                 0.55603          
3.325              372.8848         2.792531          0                 1.671087          0                 16.843            0                 0                 0.55464          
3.350              370.1021         2.800317          0                 1.673415          0                 16.794            0                 0                 0.55323          
3.375              367.3606         2.808255          0                 1.675785          0                 16.745            0                 0                 0.55179          
3.400              364.6594         2.816348          0                 1.678198          0                 16.695            0                 0                 0.55033          
3.425              361.9976         2.824599          0                 1.680654          0                 16.644            0                 0                 0.54885          
3.450              359.3745         2.833010          0                 1.683155          0                 16.592            0                 0                 0.54734          
3.475              356.7890         2.841583          0                 1.685700          0                 16.540            0                 0                 0.54580          
3.500              354.2405         2.850322          0                 1.688290          0                 16.486            0                 0                 0.54423          
3.525              351.7282         2.859229          0                 1.690925          0                 16.432            0                 0                 0.54264          
3.550              349.2512         2.868306          0                 1.693607          0                 16.377            0                 0                 0.54102          
3.575              346.8089         2.877556          0                 1.696336          0                 16.321            0                 0                 0.53938          
3.600              344.4005         2.886983          0                 1.699112          0                 16.264            0                 0                 0.53770          
3.625              342.0254         2.896589          0                 1.701937          0                 16.206            0                 0                 0.53600          
3.650              339.6827         2.906376          0                 1.704810          0                 16.147            0                 0                 0.53427          
3.675              337.3719         2.916348          0                 1.707732          0                 16.088            0                 0                 0.53251          
3.700              335.0924         2.926508          0                 1.710704          0                 16.027            0                 0                 0.53072          
3.725              332.8435         2.936858          0                 1.713726          0                 15.966            0                 0                 0.52891          
3.750              330.6245         2.947402          0                 1.716800          0                 15.904            0                 0                 0.52706          
3.775              328.4349         2.958143          0                 1.719925          0                 15.840            0                 0                 0.52518          
3.800              326.2742         2.969083          0                 1.723103          0                 15.776            0                 0                 0.52328          
3.825              324.1417         2.980226          0                 1.726333          0                 15.711            0                 0                 0.52134          
3.850              322.0369         2.991575          0                 1.729617          0                 15.645            0                 0                 0.51937          
3.875              319.9592         3.003134          0                 1.732955          0                 15.578            0                 0                 0.51737          
3.900              317.9082         3.014906          0                 1.736348          0                 15.510            0                 0                 0.51534          
3.925              315.8833         3.026893          0                 1.739797          0                 15.441            0                 0                 0.51328          
3.950              313.8840         3.039100          0                 1.743302          0                 15.371            0                 0                 0.51119          
3.975              311.9099         3.051530          0                 1.746863          0                 15.301            0                 0                 0.50906          
4.000              309.9605         3.064187          0                 1.750482          0                 15.229            0                 0                 0.50690          
4.025              308.0353         3.077073          0                 1.754159          0                 15.156            0                 0                 0.50471          
4.050              306.1338         3.090194          0                 1.757895          0                 15.082            0                 0                 0.50248          
4.075              304.2557         3.103551          0                 1.761690          0                 15.007            0                 0                 0.50023          
4.100              302.4005         3.117149          0                 1.765545          0                 14.932            0                 0                 0.49793          
4.125              300.5677         3.130992          0                 1.769461          0                 14.855            0                 0                 0.49561          
4.150              298.7571         3.145084          0                 1.773439          0                 14.777            0                 0                 0.49325          
4.175              296.9681         3.159429          0                 1.777478          0                 14.698            0                 0                 0.49085          
4.200              295.2005         3.174029          0                 1.781581          0                 14.618            0                 0                 0.48842          
4.225              293.4537         3.188890          0                 1.785746          0                 14.538            0                 0                 0.48596          
4.250              291.7275         3.204016          0                 1.789977          0                 14.456            0                 0                 0.48345          
4.275              290.0215         3.219411          0                 1.794272          0                 14.373            0                 0                 0.48092          
4.300              288.3353         3.235079          0                 1.798632          0                 14.289            0                 0                 0.47834          
4.325              286.6686         3.251024          0                 1.803059          0                 14.204            0                 0                 0.47574          
4.350              285.0211         3.267250          0                 1.807554          0                 14.118            0                 0                 0.47309          
4.375              283.3924         3.283763          0                 1.812116          0                 14.030            0                 0                 0.47041          
4.400              281.7822         3.300565          0                 1.816746          0                 13.942            0                 0                 0.46769          
4.425              280.1903         3.317663          0                 1.821445          0                 13.853            0                 0                 0.46493          
4.450              278.6162         3.335061          0                 1.826215          0                 13.762            0                 0                 0.46213          
4.475              277.0596         3.352763          0                 1.831055          0                 13.671            0                 0                 0.45930          
4.500              275.5204         3.370774          0                 1.835967          0                 13.578            0                 0                 0.45643          
4.525              273.9982         3.389099          0                 1.840950          0                 13.485            0                 0                 0.45352          
4.550              272.4927         3.407742          0                 1.846007          0                 13.390            0                 0                 0.45057          
4.575              271.0037         3.426709          0                 1.851137          0                 13.294            0                 0                 0.44758          
4.600              269.5308         3.446006          0                 1.856342          0                 13.197            0                 0                 0.44456          
4.625              268.0739         3.465636          0                 1.861622          0                 13.099            0                 0                 0.44149          
4.650              266.6327         3.485606          0                 1.866978          0                 13.000            0                 0                 0.43838          
4.675              265.2068         3.505920          0                 1.872410          0                 12.900            0                 0                 0.43524          
4.700              263.7961         3.526584          0                 1.877920          0                 12.799            0                 0                 0.43205          
4.725              262.4004         3.547604          0                 1.883508          0                 12.697            0                 0                 0.42883          
4.750              261.0193         3.568985          0                 1.889176          0                 12.593            0                 0                 0.42556          