energy [eV]       wavelength [nm]   Re(epsilon)       Im(epsilon)       n                 extinction k      psi [°]           delta [°]         Is                Ic              
0.750             1653.1225         3.842722           0.036121         1.960308           0.009213         11.323              0.838            0.00563          0.38499          
0.775             1599.7960         3.844171           0.036136         1.960677           0.009215         11.316              0.839            0.00563          0.38478          
0.800             1549.8024         3.845669           0.036151         1.961059           0.009217         11.310              0.839            0.00563          0.38456          
0.825             1502.8387         3.847215           0.036165         1.961453           0.009219         11.303              0.839            0.00563          0.38434          
0.850             1458.6375         3.848809           0.036179         1.961860           0.009221         11.296              0.840            0.00563          0.38411          
0.875             1416.9622         3.850453           0.036193         1.962279           0.009222         11.288              0.840            0.00563          0.38387          
0.900             1377.6021         3.852145           0.036206         1.962710           0.009224         11.281              0.841            0.00563          0.38363          
0.925             1340.3696         3.853886           0.036219         1.963153           0.009225         11.273              0.841            0.00563          0.38338          
0.950             1305.0967         3.855676           0.036231         1.963609           0.009226         11.265              0.842            0.00563          0.38312          
0.975             1271.6327         3.857515           0.036242         1.964077           0.009226         11.257              0.842            0.00563          0.38286          
1.000             1239.8419         3.859404           0.036253         1.964558           0.009227         11.248              0.843            0.00563          0.38259          
1.025             1209.6019         3.861341           0.036262         1.965051           0.009227         11.240              0.843            0.00562          0.38231          
1.050             1180.8018         3.863328           0.036271         1.965557           0.009227         11.231              0.843            0.00562          0.38203          
1.075             1153.3413         3.865365           0.036278         1.966075           0.009226         11.222              0.844            0.00562          0.38174          
1.100             1127.1290         3.867452           0.036284         1.966605           0.009225         11.213              0.844            0.00562          0.38144          
1.125             1102.0817         3.869588           0.036290         1.967148           0.009224         11.203              0.844            0.00562          0.38113          
1.150             1078.1234         3.871774           0.036293         1.967704           0.009222         11.193              0.845            0.00561          0.38082          
1.175             1055.1846         3.874011           0.036295         1.968272           0.009220         11.184              0.845            0.00561          0.38050          
1.200             1033.2016         3.876297           0.036296         1.968853           0.009218         11.173              0.845            0.00561          0.38017          
1.225             1012.1158         3.878634           0.036295         1.969446           0.009215         11.163              0.845            0.00560          0.37984          
1.250              991.8735         3.881021           0.036292         1.970052           0.009211         11.153              0.845            0.00560          0.37950          
1.275              972.4250         3.883459           0.036288         1.970671           0.009207         11.142              0.845            0.00560          0.37915          
1.300              953.7245         3.885948           0.036281         1.971302           0.009202         11.131              0.846            0.00559          0.37879          
1.325              935.7297         3.888487           0.036272         1.971946           0.009197         11.120              0.846            0.00559          0.37843          
1.350              918.4014         3.891078           0.036261         1.972603           0.009191         11.108              0.846            0.00558          0.37806          
1.375              901.7032         3.893720           0.036248         1.973273           0.009185         11.097              0.845            0.00557          0.37769          
1.400              885.6014         3.896414           0.036232         1.973955           0.009178         11.085              0.845            0.00557          0.37730          
1.425              870.0645         3.899159           0.036214         1.974650           0.009170         11.073              0.845            0.00556          0.37691          
1.450              855.0634         3.901955           0.036193         1.975358           0.009161         11.060              0.845            0.00555          0.37652          
1.475              840.5708         3.904804           0.036169         1.976079           0.009152         11.048              0.845            0.00554          0.37611          
1.500              826.5613         3.907705           0.036142         1.976813           0.009141         11.035              0.844            0.00554          0.37570          
1.525              813.0111         3.910657           0.036112         1.977559           0.009130         11.022              0.844            0.00553          0.37528          
1.550              799.8980         3.913663           0.036078         1.978319           0.009118         11.009              0.843            0.00552          0.37485          
1.575              787.2012         3.916720           0.036042         1.979092           0.009106         10.995              0.843            0.00551          0.37442          
1.600              774.9012         3.919831           0.036002         1.979877           0.009092         10.982              0.842            0.00550          0.37398          
1.625              762.9796         3.922994           0.035958         1.980676           0.009077         10.968              0.841            0.00549          0.37353          
1.650              751.4193         3.926211           0.035910         1.981488           0.009061         10.954              0.841            0.00547          0.37308          
1.675              740.2041         3.929481           0.035858         1.982312           0.009045         10.940              0.840            0.00546          0.37261          
1.700              729.3188         3.932804           0.035803         1.983150           0.009027         10.925              0.839            0.00545          0.37215          
1.725              718.7489         3.936182           0.035743         1.984002           0.009008         10.911              0.838            0.00543          0.37167          
1.750              708.4811         3.939613           0.035678         1.984866           0.008988         10.896              0.836            0.00542          0.37118          
1.775              698.5025         3.943098           0.035609         1.985744           0.008966         10.880              0.835            0.00540          0.37069          
1.800              688.8011         3.946638           0.035536         1.986635           0.008944         10.865              0.834            0.00539          0.37020          
1.825              679.3654         3.950233           0.035457         1.987539           0.008920         10.849              0.832            0.00537          0.36969          
1.850              670.1848         3.953881           0.035373         1.988457           0.008895         10.834              0.831            0.00535          0.36918          
1.875              661.2490         3.957585           0.035284         1.989388           0.008868         10.818              0.829            0.00533          0.36866          
1.900              652.5484         3.961344           0.035190         1.990332           0.008840         10.801              0.827            0.00531          0.36813          
1.925              644.0737         3.965159           0.035090         1.991290           0.008811         10.785              0.825            0.00529          0.36759          
1.950              635.8164         3.969029           0.034984         1.992262           0.008780         10.768              0.823            0.00527          0.36705          
1.975              627.7681         3.972955           0.034872         1.993247           0.008748         10.751              0.821            0.00525          0.36650          
2.000              619.9210         3.976938           0.034754         1.994245           0.008714         10.734              0.818            0.00523          0.36594          
2.025              612.2676         3.980976           0.034630         1.995257           0.008678         10.717              0.816            0.00520          0.36538          
2.050              604.8009         3.985072           0.034500         1.996283           0.008641         10.699              0.813            0.00518          0.36481          
2.075              597.5142         3.989224           0.034362         1.997323           0.008602         10.681              0.810            0.00515          0.36423          
2.100              590.4009         3.993433           0.034218         1.998376           0.008561         10.663              0.807            0.00512          0.36364          
2.125              583.4550         3.997699           0.034067         1.999443           0.008519         10.645              0.804            0.00510          0.36304          
2.150              576.6707         4.002024           0.033908         2.000524           0.008475         10.626              0.801            0.00507          0.36244          
2.175              570.0423         4.006406           0.033742         2.001619           0.008429         10.607              0.797            0.00504          0.36183          
2.200              563.5645         4.010846           0.033568         2.002727           0.008381         10.588              0.794            0.00500          0.36122          
2.225              557.2323         4.015345           0.033386         2.003850           0.008331         10.569              0.790            0.00497          0.36059          
2.250              551.0408         4.019902           0.033196         2.004986           0.008278         10.550              0.786            0.00494          0.35996          
2.275              544.9855         4.024518           0.032998         2.006137           0.008224         10.530              0.781            0.00490          0.35932          
2.300              539.0617         4.029194           0.032791         2.007302           0.008168         10.510              0.777            0.00486          0.35867          
2.325              533.2653         4.033928           0.032576         2.008481           0.008110         10.490              0.772            0.00483          0.35802          
2.350              527.5923         4.038723           0.032351         2.009674           0.008049         10.470              0.768            0.00479          0.35735          
2.375              522.0387         4.043579           0.032117         2.010881           0.007986         10.449              0.762            0.00475          0.35668          
2.400              516.6008         4.048493           0.031874         2.012102           0.007921         10.429              0.757            0.00470          0.35601          
2.425              511.2750         4.053470           0.031621         2.013338           0.007853         10.407              0.752            0.00466          0.35532          
2.450              506.0579         4.058506           0.031358         2.014588           0.007783         10.386              0.746            0.00462          0.35463          
2.475              500.9462         4.063603           0.031085         2.015853           0.007710         10.365              0.740            0.00457          0.35393          
2.500              495.9368         4.068763           0.030802         2.017132           0.007635         10.343              0.734            0.00452          0.35322          
2.525              491.0265         4.073985           0.030508         2.018426           0.007557         10.321              0.727            0.00447          0.35250          
2.550              486.2125         4.079268           0.030203         2.019734           0.007477         10.299              0.720            0.00442          0.35178          
2.575              481.4920         4.084614           0.029886         2.021056           0.007394         10.276              0.713            0.00437          0.35104          
2.600              476.8623         4.090024           0.029559         2.022394           0.007308         10.254              0.706            0.00432          0.35030          
2.625              472.3207         4.095496           0.029219         2.023746           0.007219         10.231              0.698            0.00426          0.34956          
2.650              467.8649         4.101031           0.028868         2.025113           0.007128         10.208              0.690            0.00420          0.34880          
2.675              463.4923         4.106630           0.028505         2.026494           0.007033         10.184              0.682            0.00414          0.34804          
2.700              459.2007         4.112294           0.028129         2.027891           0.006935         10.161              0.674            0.00408          0.34727          
2.725              454.9879         4.118021           0.027740         2.029302           0.006835         10.137              0.665            0.00402          0.34649          
2.750              450.8516         4.123814           0.027338         2.030729           0.006731         10.113              0.656            0.00396          0.34570          
2.775              446.7899         4.129672           0.026923         2.032170           0.006624         10.089              0.646            0.00389          0.34491          
2.800              442.8007         4.135595           0.026495         2.033627           0.006514         10.064              0.637            0.00382          0.34410          
2.825              438.8821         4.141585           0.026052         2.035099           0.006401         10.039              0.627            0.00375          0.34329          
2.850              435.0322         4.147640           0.025595         2.036585           0.006284         10.014              0.616            0.00368          0.34248          
2.875              431.2494         4.153762           0.025124         2.038087           0.006164          9.989              0.605            0.00361          0.34165          
2.900              427.5317         4.159952           0.024638         2.039605           0.006040          9.964              0.594            0.00353          0.34081          
2.925              423.8776         4.166208           0.024137         2.041138           0.005913          9.938              0.583            0.00346          0.33997          
2.950              420.2854         4.172532           0.023621         2.042686           0.005782          9.912              0.571            0.00338          0.33912          
2.975              416.7536         4.178924           0.023089         2.044249           0.005647          9.886              0.558            0.00330          0.33826          
3.000              413.2806         4.185384           0.022541         2.045829           0.005509          9.860              0.546            0.00321          0.33740          
3.025              409.8651         4.191914           0.021976         2.047423           0.005367          9.833              0.532            0.00313          0.33652          
3.050              406.5055         4.198513           0.021395         2.049034           0.005221          9.806              0.519            0.00304          0.33564          
3.075              403.2006         4.205180           0.020797         2.050660           0.005071          9.779              0.505            0.00295          0.33475          
3.100              399.9490         4.211919           0.020182         2.052302           0.004917          9.752              0.490            0.00286          0.33385          
3.125              396.7494         4.218728           0.019549         2.053960           0.004759          9.724              0.475            0.00276          0.33294          
3.150              393.6006         4.225607           0.018898         2.055633           0.004597          9.696              0.460            0.00267          0.33202          
3.175              390.5014         4.232558           0.018229         2.057323           0.004430          9.668              0.444            0.00257          0.33110          
3.200              387.4506         4.239581           0.017541         2.059029           0.004260          9.640              0.428            0.00247          0.33017          
3.225              384.4471         4.246675           0.016834         2.060750           0.004085          9.611              0.411            0.00236          0.32923          
3.250              381.4898         4.253842           0.016108         2.062488           0.003905          9.582              0.394            0.00226          0.32828          
3.275              378.5777         4.261082           0.015362         2.064242           0.003721          9.553              0.376            0.00215          0.32732          
3.300              375.7097         4.268396           0.014596         2.066013           0.003533          9.524              0.358            0.00204          0.32636          
3.325              372.8848         4.275783           0.013810         2.067799           0.003339          9.495              0.339            0.00192          0.32538          
3.350              370.1021         4.283244           0.013003         2.069602           0.003141          9.465              0.319            0.00181          0.32440          
3.375              367.3606         4.290780           0.012175         2.071422           0.002939          9.435              0.299            0.00169          0.32341          
3.400              364.6594         4.298391           0.011325         2.073258           0.002731          9.405              0.279            0.00157          0.32241          
3.425              361.9976         4.306078           0.010453         2.075111           0.002519          9.374              0.258            0.00145          0.32140          
3.450              359.3745         4.313841           0.009559         2.076980           0.002301          9.343              0.236            0.00132          0.32039          
3.475              356.7890         4.321680           0.008642         2.078866           0.002078          9.312              0.214            0.00119          0.31936          
3.500              354.2405         4.329597           0.007702         2.080769           0.001851          9.281              0.191            0.00106          0.31833          
3.525              351.7282         4.337590           0.006738         2.082689           0.001618          9.250              0.167            0.00092          0.31729          
3.550              349.2512         4.345662           0.005751         2.084626           0.001379          9.218              0.143            0.00079          0.31624          
3.575              346.8089         4.353812           0.004739         2.086579           0.001136          9.186              0.118            0.00065          0.31518          
3.600              344.4005         4.362041           0.003702         2.088550           0.000886          9.154              0.092            0.00051          0.31412          
3.625              342.0254         4.370349           0.002640         2.090538           0.000632          9.121              0.066            0.00036          0.31304          
3.650              339.6827         4.378737           0.001553         2.092543           0.000371          9.089              0.039            0.00021          0.31196          
3.675              337.3719         4.387206           0.000440         2.094566           0.000105          9.056              0.011            0.00006          0.31086          
3.700              335.0924         4.395756          -0.000700         2.096606          -0.000167          9.022            359.982           -0.00009          0.30976          
3.725              332.8435         4.404387          -0.001867         2.098663          -0.000445          8.989            359.953           -0.00025          0.30865          
3.750              330.6245         4.413099          -0.003061         2.100738          -0.000729          8.955            359.923           -0.00041          0.30754          
3.775              328.4349         4.421895          -0.004283         2.102830          -0.001018          8.921            359.892           -0.00058          0.30641          
3.800              326.2742         4.430772          -0.005533         2.104940          -0.001314          8.887            359.861           -0.00074          0.30527          
3.825              324.1417         4.439734          -0.006812         2.107068          -0.001616          8.853            359.828           -0.00091          0.30413          
3.850              322.0369         4.448780          -0.008120         2.109214          -0.001925          8.818            359.795           -0.00109          0.30297          
3.875              319.9592         4.457910          -0.009458         2.111378          -0.002240          8.783            359.761           -0.00126          0.30181          
3.900              317.9082         4.467125          -0.010826         2.113559          -0.002561          8.748            359.726           -0.00144          0.30064          
3.925              315.8833         4.476426          -0.012224         2.115759          -0.002889          8.713            359.690           -0.00162          0.29946          
3.950              313.8840         4.485813          -0.013654         2.117976          -0.003223          8.677            359.653           -0.00181          0.29827          
3.975              311.9099         4.495286          -0.015115         2.120212          -0.003564          8.641            359.615           -0.00200          0.29708          
4.000              309.9605         4.504848          -0.016608         2.122466          -0.003912          8.605            359.576           -0.00219          0.29587          
4.025              308.0353         4.514497          -0.018134         2.124739          -0.004267          8.569            359.536           -0.00239          0.29465          
4.050              306.1338         4.524235          -0.019693         2.127030          -0.004629          8.532            359.495           -0.00259          0.29343          
4.075              304.2557         4.534060          -0.021286         2.129339          -0.004998          8.495            359.453           -0.00279          0.29220          
4.100              302.4005         4.543977          -0.022912         2.131667          -0.005374          8.458            359.410           -0.00299          0.29095          
4.125              300.5677         4.553983          -0.024574         2.134014          -0.005758          8.421            359.366           -0.00320          0.28970          
4.150              298.7571         4.564079          -0.026271         2.136379          -0.006148          8.383            359.321           -0.00342          0.28844          
4.175              296.9681         4.574268          -0.028003         2.138764          -0.006547          8.345            359.275           -0.00363          0.28717          
4.200              295.2005         4.584548          -0.029772         2.141167          -0.006952          8.307            359.228           -0.00385          0.28590          
4.225              293.4537         4.594922          -0.031577         2.143589          -0.007365          8.269            359.179           -0.00408          0.28461          
4.250              291.7275         4.605388          -0.033420         2.146031          -0.007786          8.230            359.129           -0.00431          0.28331          
4.275              290.0215         4.615948          -0.035301         2.148491          -0.008215          8.191            359.078           -0.00454          0.28201          
4.300              288.3353         4.626602          -0.037220         2.150971          -0.008652          8.152            359.026           -0.00477          0.28069          
4.325              286.6686         4.637352          -0.039179         2.153470          -0.009097          8.113            358.973           -0.00501          0.27937          
4.350              285.0211         4.648196          -0.041177         2.155989          -0.009549          8.073            358.918           -0.00525          0.27804          
4.375              283.3924         4.659138          -0.043216         2.158527          -0.010010          8.033            358.862           -0.00550          0.27670          
4.400              281.7822         4.670176          -0.045295         2.161084          -0.010480          7.993            358.804           -0.00575          0.27534          
4.425              280.1903         4.681312          -0.047416         2.163662          -0.010957          7.953            358.745           -0.00600          0.27398          
4.450              278.6162         4.692546          -0.049579         2.166259          -0.011443          7.912            358.684           -0.00626          0.27261          
4.475              277.0596         4.703879          -0.051784         2.168876          -0.011938          7.871            358.623           -0.00652          0.27124          
4.500              275.5204         4.715312          -0.054033         2.171513          -0.012441          7.830            358.559           -0.00679          0.26985          
4.525              273.9982         4.726845          -0.056326         2.174170          -0.012954          7.789            358.494           -0.00706          0.26845          
4.550              272.4927         4.738480          -0.058664         2.176847          -0.013475          7.747            358.427           -0.00733          0.26704          
4.575              271.0037         4.750216          -0.061047         2.179544          -0.014004          7.705            358.359           -0.00761          0.26563          
4.600              269.5308         4.762053          -0.063475         2.182261          -0.014543          7.663            358.289           -0.00789          0.26420          
4.625              268.0739         4.773995          -0.065951         2.184999          -0.015092          7.621            358.218           -0.00818          0.26277          
4.650              266.6327         4.786040          -0.068473         2.187758          -0.015649          7.578            358.144           -0.00847          0.26132          
4.675              265.2068         4.798189          -0.071043         2.190537          -0.016216          7.536            358.069           -0.00876          0.25987          
4.700              263.7961         4.810443          -0.073662         2.193336          -0.016792          7.493            357.992           -0.00906          0.25841          
4.725              262.4004         4.822803          -0.076330         2.196157          -0.017378          7.449            357.914           -0.00936          0.25694          
4.750              261.0193         4.835271          -0.079048         2.198999          -0.017974          7.406            357.833           -0.00967          0.25545          