energy [eV]       wavelength [nm]   Re(epsilon)       Im(epsilon)       n                 extinction k      psi [°]           delta [°]         Is                Ic              
0.750             1653.1225         2.125329          0                 1.457851          0                 21.650            0                 0                 0.68581          
0.775             1599.7960         2.125690          0                 1.457974          0                 21.647            0                 0                 0.68573          
0.800             1549.8024         2.126062          0                 1.458102          0                 21.643            0                 0                 0.68565          
0.825             1502.8387         2.126445          0                 1.458233          0                 21.640            0                 0                 0.68557          
0.850             1458.6375         2.126839          0                 1.458369          0                 21.637            0                 0                 0.68548          
0.875             1416.9622         2.127244          0                 1.458508          0                 21.633            0                 0                 0.68540          
0.900             1377.6021         2.127661          0                 1.458650          0                 21.630            0                 0                 0.68531          
0.925             1340.3696         2.128088          0                 1.458797          0                 21.626            0                 0                 0.68522          
0.950             1305.0967         2.128526          0                 1.458947          0                 21.623            0                 0                 0.68513          
0.975             1271.6327         2.128974          0                 1.459101          0                 21.619            0                 0                 0.68503          
1.000             1239.8419         2.129434          0                 1.459258          0                 21.615            0                 0                 0.68493          
1.025             1209.6019         2.129904          0                 1.459419          0                 21.611            0                 0                 0.68483          
1.050             1180.8018         2.130384          0                 1.459584          0                 21.607            0                 0                 0.68473          
1.075             1153.3413         2.130875          0                 1.459752          0                 21.603            0                 0                 0.68463          
1.100             1127.1290         2.131377          0                 1.459924          0                 21.599            0                 0                 0.68452          
1.125             1102.0817         2.131888          0                 1.460099          0                 21.595            0                 0                 0.68441          
1.150             1078.1234         2.132410          0                 1.460277          0                 21.590            0                 0                 0.68430          
1.175             1055.1846         2.132942          0                 1.460459          0                 21.586            0                 0                 0.68419          
1.200             1033.2016         2.133484          0                 1.460645          0                 21.581            0                 0                 0.68407          
1.225             1012.1158         2.134035          0                 1.460834          0                 21.577            0                 0                 0.68395          
1.250              991.8735         2.134597          0                 1.461026          0                 21.572            0                 0                 0.68383          
1.275              972.4250         2.135168          0                 1.461222          0                 21.567            0                 0                 0.68371          
1.300              953.7245         2.135749          0                 1.461420          0                 21.562            0                 0                 0.68359          
1.325              935.7297         2.136340          0                 1.461622          0                 21.557            0                 0                 0.68346          
1.350              918.4014         2.136940          0                 1.461828          0                 21.552            0                 0                 0.68334          
1.375              901.7032         2.137549          0                 1.462036          0                 21.547            0                 0                 0.68321          
1.400              885.6014         2.138167          0                 1.462247          0                 21.542            0                 0                 0.68307          
1.425              870.0645         2.138795          0                 1.462462          0                 21.537            0                 0                 0.68294          
1.450              855.0634         2.139431          0                 1.462680          0                 21.532            0                 0                 0.68281          
1.475              840.5708         2.140077          0                 1.462900          0                 21.526            0                 0                 0.68267          
1.500              826.5613         2.140731          0                 1.463124          0                 21.521            0                 0                 0.68253          
1.525              813.0111         2.141394          0                 1.463350          0                 21.515            0                 0                 0.68239          
1.550              799.8980         2.142065          0                 1.463580          0                 21.510            0                 0                 0.68225          
1.575              787.2012         2.142745          0                 1.463812          0                 21.504            0                 0                 0.68210          
1.600              774.9012         2.143433          0                 1.464047          0                 21.498            0                 0                 0.68196          
1.625              762.9796         2.144130          0                 1.464285          0                 21.493            0                 0                 0.68181          
1.650              751.4193         2.144834          0                 1.464525          0                 21.487            0                 0                 0.68166          
1.675              740.2041         2.145546          0                 1.464768          0                 21.481            0                 0                 0.68151          
1.700              729.3188         2.146266          0                 1.465014          0                 21.475            0                 0                 0.68136          
1.725              718.7489         2.146994          0                 1.465262          0                 21.469            0                 0                 0.68120          
1.750              708.4811         2.147729          0                 1.465513          0                 21.463            0                 0                 0.68105          
1.775              698.5025         2.148472          0                 1.465767          0                 21.457            0                 0                 0.68089          
1.800              688.8011         2.149221          0                 1.466022          0                 21.450            0                 0                 0.68073          
1.825              679.3654         2.149978          0                 1.466280          0                 21.444            0                 0                 0.68057          
1.850              670.1848         2.150742          0                 1.466541          0                 21.438            0                 0                 0.68041          
1.875              661.2490         2.151513          0                 1.466804          0                 21.431            0                 0                 0.68024          
1.900              652.5484         2.152290          0                 1.467069          0                 21.425            0                 0                 0.68008          
1.925              644.0737         2.153074          0                 1.467336          0                 21.418            0                 0                 0.67991          
1.950              635.8164         2.153865          0                 1.467605          0                 21.412            0                 0                 0.67975          
1.975              627.7681         2.154661          0                 1.467876          0                 21.405            0                 0                 0.67958          
2.000              619.9210         2.155464          0                 1.468150          0                 21.399            0                 0                 0.67941          
2.025              612.2676         2.156272          0                 1.468425          0                 21.392            0                 0                 0.67924          
2.050              604.8009         2.157086          0                 1.468702          0                 21.385            0                 0                 0.67906          
2.075              597.5142         2.157906          0                 1.468981          0                 21.379            0                 0                 0.67889          
2.100              590.4009         2.158731          0                 1.469262          0                 21.372            0                 0                 0.67872          
2.125              583.4550         2.159562          0                 1.469545          0                 21.365            0                 0                 0.67854          
2.150              576.6707         2.160397          0                 1.469829          0                 21.358            0                 0                 0.67836          
2.175              570.0423         2.161238          0                 1.470115          0                 21.351            0                 0                 0.67819          
2.200              563.5645         2.162083          0                 1.470402          0                 21.344            0                 0                 0.67801          
2.225              557.2323         2.162932          0                 1.470691          0                 21.337            0                 0                 0.67783          
2.250              551.0408         2.163787          0                 1.470982          0                 21.330            0                 0                 0.67765          
2.275              544.9855         2.164645          0                 1.471273          0                 21.323            0                 0                 0.67747          
2.300              539.0617         2.165507          0                 1.471566          0                 21.316            0                 0                 0.67728          
2.325              533.2653         2.166373          0                 1.471861          0                 21.309            0                 0                 0.67710          
2.350              527.5923         2.167243          0                 1.472156          0                 21.302            0                 0                 0.67692          
2.375              522.0387         2.168117          0                 1.472453          0                 21.294            0                 0                 0.67673          
2.400              516.6008         2.168993          0                 1.472750          0                 21.287            0                 0                 0.67655          
2.425              511.2750         2.169873          0                 1.473049          0                 21.280            0                 0                 0.67636          
2.450              506.0579         2.170755          0                 1.473348          0                 21.273            0                 0                 0.67618          
2.475              500.9462         2.171641          0                 1.473649          0                 21.266            0                 0                 0.67599          
2.500              495.9368         2.172529          0                 1.473950          0                 21.258            0                 0                 0.67580          
2.525              491.0265         2.173419          0                 1.474252          0                 21.251            0                 0                 0.67562          
2.550              486.2125         2.174311          0                 1.474554          0                 21.244            0                 0                 0.67543          
2.575              481.4920         2.175205          0                 1.474858          0                 21.236            0                 0                 0.67524          
2.600              476.8623         2.176100          0                 1.475161          0                 21.229            0                 0                 0.67505          
2.625              472.3207         2.176998          0                 1.475465          0                 21.222            0                 0                 0.67486          
2.650              467.8649         2.177896          0                 1.475770          0                 21.214            0                 0                 0.67467          
2.675              463.4923         2.178796          0                 1.476074          0                 21.207            0                 0                 0.67449          
2.700              459.2007         2.179696          0                 1.476379          0                 21.200            0                 0                 0.67430          
2.725              454.9879         2.180597          0                 1.476684          0                 21.192            0                 0                 0.67411          
2.750              450.8516         2.181498          0                 1.476990          0                 21.185            0                 0                 0.67392          
2.775              446.7899         2.182400          0                 1.477295          0                 21.178            0                 0                 0.67373          
2.800              442.8007         2.183301          0                 1.477600          0                 21.170            0                 0                 0.67354          
2.825              438.8821         2.184202          0                 1.477905          0                 21.163            0                 0                 0.67335          
2.850              435.0322         2.185103          0                 1.478209          0                 21.156            0                 0                 0.67316          
2.875              431.2494         2.186003          0                 1.478514          0                 21.148            0                 0                 0.67297          
2.900              427.5317         2.186902          0                 1.478818          0                 21.141            0                 0                 0.67278          
2.925              423.8776         2.187800          0                 1.479121          0                 21.134            0                 0                 0.67259          
2.950              420.2854         2.188696          0                 1.479424          0                 21.127            0                 0                 0.67241          
2.975              416.7536         2.189590          0                 1.479726          0                 21.119            0                 0                 0.67222          
3.000              413.2806         2.190483          0                 1.480028          0                 21.112            0                 0                 0.67203          
3.025              409.8651         2.191374          0                 1.480329          0                 21.105            0                 0                 0.67184          
3.050              406.5055         2.192262          0                 1.480629          0                 21.098            0                 0                 0.67166          
3.075              403.2006         2.193147          0                 1.480928          0                 21.090            0                 0                 0.67147          
3.100              399.9490         2.194029          0                 1.481226          0                 21.083            0                 0                 0.67129          
3.125              396.7494         2.194909          0                 1.481522          0                 21.076            0                 0                 0.67110          
3.150              393.6006         2.195784          0                 1.481818          0                 21.069            0                 0                 0.67092          
3.175              390.5014         2.196656          0                 1.482112          0                 21.062            0                 0                 0.67074          
3.200              387.4506         2.197525          0                 1.482405          0                 21.055            0                 0                 0.67056          
3.225              384.4471         2.198388          0                 1.482696          0                 21.048            0                 0                 0.67037          
3.250              381.4898         2.199248          0                 1.482986          0                 21.041            0                 0                 0.67019          
3.275              378.5777         2.200102          0                 1.483274          0                 21.034            0                 0                 0.67002          
3.300              375.7097         2.200952          0                 1.483561          0                 21.027            0                 0                 0.66984          
3.325              372.8848         2.201796          0                 1.483845          0                 21.020            0                 0                 0.66966          
3.350              370.1021         2.202635          0                 1.484128          0                 21.014            0                 0                 0.66949          
3.375              367.3606         2.203468          0                 1.484408          0                 21.007            0                 0                 0.66931          
3.400              364.6594         2.204295          0                 1.484687          0                 21.000            0                 0                 0.66914          
3.425              361.9976         2.205115          0                 1.484963          0                 20.994            0                 0                 0.66897          
3.450              359.3745         2.205929          0                 1.485237          0                 20.987            0                 0                 0.66880          
3.475              356.7890         2.206735          0                 1.485508          0                 20.981            0                 0                 0.66863          
3.500              354.2405         2.207535          0                 1.485778          0                 20.974            0                 0                 0.66846          
3.525              351.7282         2.208327          0                 1.486044          0                 20.968            0                 0                 0.66830          
3.550              349.2512         2.209110          0                 1.486308          0                 20.962            0                 0                 0.66813          
3.575              346.8089         2.209886          0                 1.486569          0                 20.955            0                 0                 0.66797          
3.600              344.4005         2.210654          0                 1.486827          0                 20.949            0                 0                 0.66781          
3.625              342.0254         2.211412          0                 1.487082          0                 20.943            0                 0                 0.66765          
3.650              339.6827         2.212162          0                 1.487334          0                 20.937            0                 0                 0.66750          
3.675              337.3719         2.212902          0                 1.487583          0                 20.931            0                 0                 0.66734          
3.700              335.0924         2.213633          0                 1.487828          0                 20.925            0                 0                 0.66719          
3.725              332.8435         2.214354          0                 1.488070          0                 20.920            0                 0                 0.66704          
3.750              330.6245         2.215064          0                 1.488309          0                 20.914            0                 0                 0.66689          
3.775              328.4349         2.215764          0                 1.488544          0                 20.908            0                 0                 0.66675          
3.800              326.2742         2.216453          0                 1.488776          0                 20.903            0                 0                 0.66660          
3.825              324.1417         2.217131          0                 1.489003          0                 20.897            0                 0                 0.66646          
3.850              322.0369         2.217797          0                 1.489227          0                 20.892            0                 0                 0.66632          
3.875              319.9592         2.218451          0                 1.489447          0                 20.887            0                 0                 0.66619          
3.900              317.9082         2.219094          0                 1.489662          0                 20.882            0                 0                 0.66605          
3.925              315.8833         2.219723          0                 1.489874          0                 20.877            0                 0                 0.66592          
3.950              313.8840         2.220340          0                 1.490081          0                 20.872            0                 0                 0.66579          
3.975              311.9099         2.220944          0                 1.490283          0                 20.867            0                 0                 0.66567          
4.000              309.9605         2.221534          0                 1.490481          0                 20.862            0                 0                 0.66554          
4.025              308.0353         2.222111          0                 1.490675          0                 20.857            0                 0                 0.66542          
4.050              306.1338         2.222673          0                 1.490863          0                 20.853            0                 0                 0.66531          
4.075              304.2557         2.223221          0                 1.491047          0                 20.849            0                 0                 0.66519          
4.100              302.4005         2.223754          0                 1.491226          0                 20.844            0                 0                 0.66508          
4.125              300.5677         2.224272          0                 1.491399          0                 20.840            0                 0                 0.66497          
4.150              298.7571         2.224774          0                 1.491568          0                 20.836            0                 0                 0.66487          
4.175              296.9681         2.225260          0                 1.491731          0                 20.832            0                 0                 0.66477          
4.200              295.2005         2.225731          0                 1.491888          0                 20.829            0                 0                 0.66467          
4.225              293.4537         2.226185          0                 1.492040          0                 20.825            0                 0                 0.66458          
4.250              291.7275         2.226621          0                 1.492187          0                 20.821            0                 0                 0.66449          
4.275              290.0215         2.227041          0                 1.492327          0                 20.818            0                 0                 0.66440          
4.300              288.3353         2.227443          0                 1.492462          0                 20.815            0                 0                 0.66432          
4.325              286.6686         2.227827          0                 1.492591          0                 20.812            0                 0                 0.66424          
4.350              285.0211         2.228193          0                 1.492713          0                 20.809            0                 0                 0.66416          
4.375              283.3924         2.228539          0                 1.492829          0                 20.806            0                 0                 0.66409          
4.400              281.7822         2.228867          0                 1.492939          0                 20.804            0                 0                 0.66402          
4.425              280.1903         2.229176          0                 1.493042          0                 20.801            0                 0                 0.66396          
4.450              278.6162         2.229465          0                 1.493139          0                 20.799            0                 0                 0.66390          
4.475              277.0596         2.229733          0                 1.493229          0                 20.797            0                 0                 0.66384          
4.500              275.5204         2.229981          0                 1.493312          0                 20.795            0                 0                 0.66379          
4.525              273.9982         2.230208          0                 1.493388          0                 20.793            0                 0                 0.66374          
4.550              272.4927         2.230414          0                 1.493457          0                 20.791            0                 0                 0.66370          
4.575              271.0037         2.230598          0                 1.493519          0                 20.790            0                 0                 0.66366          
4.600              269.5308         2.230760          0                 1.493573          0                 20.789            0                 0                 0.66363          
4.625              268.0739         2.230900          0                 1.493620          0                 20.787            0                 0                 0.66360          
4.650              266.6327         2.231017          0                 1.493659          0                 20.786            0                 0                 0.66357          
4.675              265.2068         2.231111          0                 1.493690          0                 20.786            0                 0                 0.66355          
4.700              263.7961         2.231181          0                 1.493714          0                 20.785            0                 0                 0.66354          
4.725              262.4004         2.231227          0                 1.493729          0                 20.785            0                 0                 0.66353          
4.750              261.0193         2.231249          0                 1.493737          0                 20.785            0                 0                 0.66353          